,Jakub,Eva,Filip,Karel,Viktorie,Martin,Miroslava
Jakub,1.0,0.12,0.18,0.18,0.14,0.21,0.8
Eva,0.12,1.0,0.29,0.24,0.31,0.22,0.11
Filip,0.18,0.29,1.0,0.57,0.29,0.44,0.21
Karel,0.18,0.24,0.57,1.0,0.17,0.29,0.13
Viktorie,0.14,0.31,0.29,0.17,1.0,0.33,0.13
Martin,0.21,0.22,0.44,0.29,0.33,1.0,0.15
Miroslava,0.8,0.11,0.21,0.13,0.13,0.15,1.0
