,Jakub,Eva,Filip,Karel,Viktorie,Martin,Miroslava
Jakub,1.0,0.66,0.13,0.03,0.21,0.75,0.96
Eva,0.66,1.0,-1.0,0.89,0.92,0.99,0.38
Filip,0.13,-1.0,1.0,1.0,-0.26,0.4,0.2
Karel,0.03,0.89,1.0,1.0,0.57,0.57,0.31
Viktorie,0.21,0.92,-0.26,0.57,1.0,0.59,0.41
Martin,0.75,0.99,0.4,0.57,0.59,1.0,0.4
Miroslava,0.96,0.38,0.2,0.31,0.41,0.4,1.0
