,Plump Fiction,Spiderman,Supersmradi II,Pes fotbalista,Popelka,Superman
Plump Fiction,1.0,0.11,-0.65,-0.57,0.76,-0.33
Spiderman,0.11,1.0,0.66,-0.18,0.49,-0.42
Supersmradi II,-0.65,0.66,1.0,-0.25,0.33,-0.49
Pes fotbalista,-0.57,-0.18,-0.25,1.0,-0.61,0.56
Popelka,0.76,0.49,0.33,-0.61,1.0,-0.94
Superman,-0.33,-0.42,-0.49,0.56,-0.94,1.0
